Hello Word 95
-1.086931 -1.212464 -3.967285 -1.196176 0.218334 -0.227886 -0.248995 1.649906 0.585132 0.066250 0.422848 0.095589 -1.015480 -0.285039 0.841525 -1.028681 0.887804 -0.067568 -0.480825 0.382259 -1.662524 -0.425088 1.472979 1.317787 0.304223 -0.953081 0.562138 0.123586 -0.631792 -0.524714 -1.046445 0.153613 -2.562116 -0.097140 0.903964 -0.709253 0.745966 0.467052 -1.863154 0.067677 0.909429 0.768045 0.654957 -1.261806 -0.907105 -2.361697 -0.196935 0.040747 -0.132887 0.909241 1.779659 1.261061 0.240669 -0.327058 -0.104184 -2.522072 0.496666 -0.163540 -0.628036 1.627551 -0.543868 -0.364183 -0.197065 -1.424955 -0.289978 1.855122 -0.249440 -0.213839 -0.555153 -0.966599 -0.615341 -1.848512 1.305316 0.338763 -1.742877 -0.722157 0.042105 0.855048 2.811002 0.135708 1.631895 2.050178 1.287511 1.748402 -0.056300 -0.065177 -0.719619 1.025738 1.531891 -0.828919 1.116586 -0.131699 -0.767981 0.450692 0.486624 1.899456 -0.923403 0.471272 -0.021062 -0.546405 -0.497213 -0.454108 0.871591 0.213840 -1.139688 -1.381305 -0.325624 1.678504 0.189813 -0.301151 -0.064631 1.149754 0.795916 -1.115849 -0.943212 1.116415 -0.767742 -1.357184 0.337805 -0.423949 -1.377801 1.537618 -0.416266 -0.786474 0.716814 -0.835764 -2.349488 1.471424
First value: -1.086931

step 1/128
Layer output: [ -0.911468 -0.163295 -0.264693 0.218025 0.346564 0.774650 -0.980695 -0.260387 0.059241 -0.762701 0.387492 0.488956 0.844961 0.957968 0.253568 -0.634113 0.990345 0.055362 -0.088810 0.849481 0.615843 0.910551 -0.620636 0.979331 0.893747 0.528656 0.853389 -0.280361 0.910821 -0.900134 0.124245 -0.895246 -0.617118 -0.127697 -0.768572 -0.915113 0.820598 -0.499727 -0.253917 0.241887 0.495138 -0.638386 0.340733 0.821621 -0.038883 0.470245 0.260918 -0.761099 0.541809 0.122275 -0.489497 0.981372 -0.907666 -0.111998 -0.556317 -0.069160 -0.698393 0.440311 0.331584 -0.164109 0.383642 -0.014877 -0.009016 0.761322 0.712680 -0.632054 0.529573 0.893563 -0.924717 0.783218 -0.626684 0.167222 0.044853 0.919448 -0.928679 -0.853644 0.127682 -0.606342 0.784301 0.877633 -0.438164 -0.733934 -0.792634 -0.461275 0.526017 -0.281221 0.581263 0.088338 0.495205 0.237460 -0.625324 0.954684 0.757189 0.912662 0.607386 0.809393 -0.957230 0.767150 -0.918075 0.744663 -0.477299 0.976064 0.976549 -0.670185 -0.571874 0.136647 0.915999 -0.862115 0.668749 -0.590239 0.156255 0.262016 -0.781590 -0.335449 0.856989 0.937107 -0.749865 0.748605 0.988345 0.365468 -0.771222 -0.800753 0.860264 -0.337969 0.228274 0.983019 -0.233295 -0.942743 ]
step 2/128
Layer output: [ -0.868658 -0.181787 -0.008395 -0.360594 0.148150 0.425405 -0.928052 -0.584570 -0.211312 -0.286669 0.595345 0.092577 0.889338 0.950227 -0.308499 -0.458761 0.984635 -0.077899 -0.446326 0.737598 0.230881 0.938845 -0.856740 0.887783 0.956348 0.473763 0.751027 -0.427775 0.706424 -0.889803 0.630553 -0.912404 -0.726905 0.236620 -0.628624 -0.819031 0.947021 -0.287360 -0.584162 -0.120470 -0.382659 -0.587493 0.039727 0.922501 -0.409559 -0.222522 0.631976 -0.440326 0.568635 0.184801 -0.191933 0.948864 -0.907400 0.465108 -0.515888 -0.277712 -0.624657 0.589978 0.042954 0.204505 0.571934 0.494158 0.552313 0.817808 0.154940 -0.775413 0.655026 0.771439 -0.945236 0.509431 -0.744360 0.514185 0.234592 0.767165 -0.877734 -0.756961 -0.205919 -0.705993 0.844211 0.933764 -0.023081 -0.001938 -0.336797 -0.353593 0.341648 -0.490602 0.072098 0.359465 -0.017205 0.489620 -0.676360 0.984795 0.756659 0.937946 0.665258 0.752237 -0.846267 0.186424 -0.642183 0.825869 -0.368114 0.974208 0.978194 -0.084547 -0.627832 -0.051464 0.933730 -0.450835 0.497019 -0.229885 0.460699 -0.073636 -0.820950 0.094293 0.677594 0.883418 -0.720291 0.503190 0.951947 -0.014882 -0.905797 -0.648572 0.744790 -0.479068 -0.103607 0.981216 -0.159728 -0.862130 ]
step 3/128
Layer output: [ -0.865744 -0.295522 0.315620 0.343622 0.290783 0.589589 -0.930640 -0.076885 0.019299 -0.707232 0.403419 0.049861 0.881558 0.860160 -0.324810 -0.142232 0.992301 -0.188675 -0.144401 0.699740 0.597715 0.939036 -0.444277 0.959728 0.720161 0.155331 0.780031 0.024829 0.715930 -0.687980 0.262066 -0.898735 -0.644389 0.407979 -0.751695 -0.770781 0.460841 -0.328444 0.041278 0.453672 -0.345582 -0.320726 -0.174399 0.825734 0.199234 0.577418 0.078155 -0.463385 0.230348 0.358922 0.036396 0.930820 -0.786407 -0.192797 -0.369039 -0.066926 -0.795671 0.542413 -0.229782 -0.543559 0.205770 0.396599 0.199495 0.803635 0.349849 -0.367402 0.670376 0.834305 -0.936723 0.579230 -0.487597 0.319908 0.149857 0.781709 -0.898345 -0.791827 0.129501 -0.161424 0.886154 0.836515 0.027758 -0.183803 -0.522670 -0.559172 0.494734 -0.438290 -0.018185 -0.037910 0.431631 0.500201 0.014043 0.941744 0.366704 0.943886 0.676881 0.888939 -0.916001 0.355473 -0.793708 0.357793 -0.396576 0.963624 0.966664 -0.582763 -0.627987 0.072429 0.941685 -0.517609 0.696682 -0.211486 0.469670 0.117295 -0.741734 -0.034197 0.756379 0.905010 -0.745576 0.525935 0.960025 0.563842 -0.737352 -0.491712 0.726586 -0.242618 0.578381 0.972864 0.074573 -0.909549 ]
step 4/128
Layer output: [ -0.689004 0.283532 0.026654 -0.077256 -0.095062 0.741241 -0.915403 -0.263791 -0.355057 -0.377905 0.438994 -0.214538 0.933805 0.953708 -0.268972 -0.287736 0.989909 -0.306101 -0.119867 0.730157 0.135964 0.943631 -0.685253 0.983921 0.794703 0.566305 0.676532 0.146168 0.857187 -0.662989 0.572977 -0.880762 -0.843411 -0.274990 -0.704939 -0.862135 0.731627 -0.204531 -0.008289 0.505328 -0.219883 -0.530873 -0.203476 0.809037 0.559736 -0.170050 0.406984 -0.510410 0.780637 0.203460 -0.712816 0.943626 -0.702072 0.037713 -0.391002 -0.007081 -0.512744 0.103740 -0.238359 0.024905 0.052509 0.396691 0.248094 0.420705 0.448692 -0.289562 0.245134 0.818900 -0.915155 0.506327 -0.726759 0.862466 0.441178 0.860842 -0.857484 -0.805100 -0.071618 -0.676103 0.858205 0.877479 -0.535208 -0.535307 0.008270 -0.608951 0.597922 -0.426927 0.321491 0.116914 0.419928 0.297576 -0.400942 0.972164 0.617420 0.975907 0.890881 0.753856 -0.873409 0.326486 -0.781957 0.844667 -0.478781 0.942542 0.982392 -0.781362 -0.003148 0.366741 0.909688 -0.700498 0.626077 -0.744176 0.350853 -0.097544 -0.335969 0.124013 0.714058 0.914647 -0.667361 0.112748 0.903210 -0.115806 -0.671640 -0.373901 0.736271 -0.526804 0.166712 0.989919 -0.309406 -0.922370 ]
step 5/128
Layer output: [ -0.928470 0.049722 -0.106294 -0.040544 -0.322166 0.583428 -0.982737 -0.133547 -0.157064 -0.529814 0.537502 0.796266 0.908774 0.943416 0.066453 -0.174866 0.985581 -0.034980 -0.314941 0.780789 0.225542 0.844843 -0.271905 0.966028 0.737429 0.118793 0.904821 -0.035685 0.843932 -0.852378 0.314461 -0.932133 -0.471616 -0.460775 -0.826080 -0.775873 0.884834 -0.245728 -0.359390 -0.198785 0.493302 -0.326715 0.214829 0.131220 0.203650 0.210529 0.520521 -0.446709 -0.019999 0.178540 -0.189071 0.948639 -0.724144 -0.060540 -0.756032 -0.269641 -0.665785 0.286025 0.198277 -0.577158 0.198431 -0.185729 -0.091278 0.914177 0.552464 -0.256051 0.598925 0.757973 -0.925861 0.383403 -0.638631 0.099470 0.258935 0.919969 -0.942033 -0.883455 0.271519 -0.822539 0.868978 0.617110 -0.173750 -0.602179 -0.452737 -0.174310 0.524961 -0.501505 0.504561 -0.362599 0.417734 0.672767 -0.740854 0.956455 0.378993 0.979439 0.747145 0.923714 -0.888649 0.002677 -0.813628 0.784332 0.018528 0.982851 0.948314 -0.754319 -0.811601 0.351667 0.899248 0.258292 0.440442 0.126878 0.574957 0.131153 -0.157307 0.474959 0.574072 0.864868 -0.735961 0.576990 0.970755 0.230501 -0.701670 -0.686410 0.635871 0.247214 0.023754 0.989107 -0.084592 -0.886072 ]
step 6/128
Layer output: [ -0.953556 0.560147 -0.324820 0.076409 -0.047791 0.749517 -0.945532 -0.508568 -0.300161 -0.405584 0.356953 0.393891 0.727851 0.969280 -0.168212 -0.436122 0.985347 -0.039227 -0.685805 0.739225 0.483922 0.935801 -0.347602 0.938322 0.620137 0.598288 0.925219 -0.062972 0.870134 -0.744524 0.064527 -0.945122 -0.785719 0.375613 -0.836203 -0.373334 0.742396 -0.161338 -0.308660 0.154390 0.105365 -0.631656 0.474135 0.591814 0.407606 0.708874 0.826502 -0.589716 -0.226266 -0.127878 -0.597291 0.949802 -0.745167 0.045429 -0.509539 -0.056946 -0.690549 0.337030 -0.135623 -0.326571 0.029359 -0.131036 0.447271 0.958491 0.829458 -0.610678 0.456486 0.921305 -0.945490 0.626647 -0.468830 -0.055264 0.069438 0.800789 -0.910033 -0.713269 0.138283 -0.565312 0.948387 0.810844 -0.327100 -0.758956 -0.597813 -0.077112 0.216849 -0.600752 0.433610 -0.340427 0.748560 0.796338 -0.402196 0.981029 0.401162 0.906547 0.600516 0.834095 -0.935869 0.064965 -0.887608 0.832157 -0.149716 0.978515 0.940059 -0.497469 -0.287789 0.238341 0.981436 -0.287248 0.645584 -0.332343 0.673392 0.008074 -0.644246 0.115771 0.555548 0.834974 -0.568860 0.472194 0.972033 0.302071 -0.871399 -0.743984 0.619697 0.335531 0.524995 0.984913 -0.466543 -0.882296 ]
step 7/128
Layer output: [ -0.898727 -0.063029 -0.105195 0.269004 -0.117016 0.089768 -0.923271 -0.355947 0.095122 -0.633012 0.303454 0.329887 0.797029 0.940539 -0.363564 -0.728396 0.971484 0.386946 -0.191959 0.760627 0.144390 0.966593 -0.648493 0.966163 0.609814 0.256074 0.872690 -0.206919 0.635467 -0.749442 0.155197 -0.604356 -0.665775 -0.216311 -0.716022 -0.876388 0.773752 -0.647171 -0.103528 0.555428 0.624365 -0.525423 0.376596 0.721801 0.097438 -0.054625 0.388922 -0.699195 -0.371992 -0.022931 -0.198217 0.918417 -0.654810 0.136935 -0.467536 -0.071011 -0.433452 0.508814 0.416887 -0.261824 0.643451 0.006420 -0.251064 0.849196 0.325927 -0.559183 0.591902 0.736229 -0.940421 0.681727 -0.698295 0.176103 0.233716 0.679416 -0.835626 -0.881422 0.328121 -0.468043 0.739962 0.906953 -0.301796 -0.816746 -0.686409 -0.626354 0.470362 -0.589750 0.336099 0.004337 0.720737 0.321759 -0.721940 0.949852 0.642597 0.964186 0.684691 0.807994 -0.930160 0.460731 -0.908797 0.721664 -0.290604 0.987592 0.975273 -0.782308 -0.478089 -0.099351 0.935648 -0.577856 0.549330 -0.508572 0.204745 -0.058139 -0.548035 0.058825 0.773501 0.845659 -0.846532 0.519699 0.984778 0.587752 -0.815314 -0.818365 0.906913 -0.435908 0.370156 0.980236 -0.083349 -0.934316 ]
step 8/128
Layer output: [ -0.965199 -0.347355 0.027892 -0.003414 -0.144094 0.453966 -0.950338 -0.338321 -0.179122 -0.597601 0.718830 0.200937 0.866701 0.965144 -0.141577 -0.415535 0.987436 0.250357 -0.413434 0.907935 0.443097 0.900004 -0.258858 0.964168 0.781796 0.173314 0.924452 -0.339509 0.718674 -0.742090 0.607894 -0.898780 -0.073939 -0.176520 -0.100306 -0.844595 0.942500 -0.604677 -0.177923 0.434877 0.195324 -0.308400 -0.127512 0.674562 0.154340 0.058507 0.380447 -0.420130 0.677607 0.052285 0.143238 0.969411 -0.901525 0.082211 -0.748532 -0.302931 -0.618284 0.393337 0.576871 -0.108540 0.154813 0.530503 0.077432 0.833641 0.770061 -0.581162 0.677012 0.686995 -0.956759 0.472609 -0.347653 0.193216 -0.167566 0.786100 -0.824896 -0.826208 0.348361 -0.844053 0.919457 0.797608 -0.107190 -0.708119 -0.676283 -0.889064 0.322648 -0.373197 -0.164531 0.251528 0.409728 0.378149 -0.701981 0.960163 0.682948 0.845644 0.623685 0.833913 -0.779905 -0.148427 -0.915259 0.828528 -0.548608 0.973900 0.935157 -0.567951 -0.442240 0.433638 0.842771 -0.382485 0.617715 -0.517449 0.503906 0.076345 -0.459506 0.089859 0.477679 0.749746 -0.575837 0.490587 0.981919 0.495730 -0.855034 -0.710578 0.653846 -0.341320 0.130921 0.977623 -0.758321 -0.934497 ]
step 9/128
Layer output: [ -0.711617 -0.404156 0.353426 0.246624 -0.329099 0.644264 -0.902975 -0.565546 -0.297499 -0.309100 0.818143 -0.334050 0.843914 0.954424 -0.582586 -0.122076 0.990687 0.055089 0.190828 0.464666 0.558951 0.937963 -0.813231 0.836066 0.960778 0.305453 0.769904 -0.457888 0.597187 -0.799922 0.402553 -0.934142 -0.519913 -0.364319 -0.705069 -0.869603 0.735744 -0.234757 -0.374263 0.197606 -0.083400 -0.708305 0.519147 0.886537 0.021404 -0.049008 0.659254 -0.549195 0.519702 0.033834 -0.123541 0.958988 -0.909882 -0.133001 -0.617248 -0.536503 -0.263149 -0.099906 -0.266610 -0.112533 0.549597 0.525561 0.394328 0.830881 0.527318 -0.490978 0.720646 0.764811 -0.963846 0.563948 -0.562492 0.692343 0.364640 0.776382 -0.888875 -0.717501 -0.074567 -0.715634 0.909085 0.919637 0.469987 -0.226738 -0.296761 -0.701581 0.487082 -0.569723 -0.083239 0.290012 0.639638 0.475139 -0.216989 0.985638 0.712851 0.973743 0.593222 0.878065 -0.828478 0.161639 -0.778630 0.744661 -0.659504 0.967511 0.983852 -0.807145 -0.668856 0.178805 0.889917 -0.570040 0.821328 -0.058094 0.045729 -0.006614 -0.787198 0.345557 0.706811 0.906459 -0.450482 0.583840 0.948768 0.678691 -0.739508 -0.704698 0.650551 -0.456469 0.143250 0.994209 -0.031122 -0.888814 ]
step 10/128
Layer output: [ -0.831376 -0.519575 0.050656 -0.142850 -0.395543 0.845819 -0.944439 -0.601067 -0.244296 -0.778385 0.546972 -0.203223 0.909241 0.970986 0.342358 -0.428565 0.990076 -0.389769 -0.258021 0.787083 0.472017 0.948280 -0.157257 0.982341 0.960482 -0.138598 0.839663 -0.057151 0.687167 -0.614933 -0.006694 -0.928182 -0.129644 0.110169 -0.825549 -0.846690 0.834493 -0.372143 -0.187694 -0.349768 0.161743 -0.378245 0.217443 0.755241 0.224395 0.448823 0.580324 -0.671762 0.326512 0.157692 -0.430109 0.965384 -0.944762 -0.271061 -0.764356 -0.194237 -0.822097 -0.143773 -0.142578 -0.158348 0.249759 0.308778 -0.136084 0.764752 0.771615 -0.670178 -0.006020 0.806685 -0.966787 0.306279 -0.301841 0.424880 0.435528 0.706302 -0.870943 -0.812442 0.414677 -0.831851 0.974472 0.771330 0.084067 -0.470534 -0.521245 -0.795526 -0.115827 -0.585259 -0.147207 0.355601 0.393630 0.554175 -0.804346 0.977815 0.539656 0.927265 0.442524 0.719148 -0.910864 0.272321 -0.743319 0.805923 -0.485662 0.966541 0.977096 -0.591881 -0.557254 0.342247 0.907638 -0.470157 0.736919 -0.491906 -0.172893 0.345724 -0.739942 0.253631 0.693735 0.894954 -0.133003 0.715581 0.919416 0.699420 -0.812702 -0.674845 0.542255 -0.460867 0.422683 0.973820 -0.248960 -0.931360 ]
step 11/128
Layer output: [ -0.893917 -0.208623 0.280413 0.043954 -0.238128 0.743484 -0.945443 -0.689445 -0.751306 -0.763859 0.587867 -0.534305 0.896291 0.946384 0.189589 -0.688338 0.971297 -0.093009 -0.520991 0.746808 0.388042 0.967452 -0.187206 0.980889 0.937386 0.049550 0.817435 -0.110861 0.847879 -0.525067 0.210223 -0.900155 -0.613769 0.071710 -0.384862 -0.899923 0.902156 0.260741 -0.485662 0.168174 -0.113179 -0.403363 0.291638 0.606459 0.198660 -0.005400 0.376261 -0.681580 0.364135 0.398214 -0.211092 0.961990 -0.760638 -0.481673 -0.449663 -0.021661 -0.728671 0.339282 -0.030991 -0.453071 0.336873 0.396634 -0.006845 0.744419 0.795953 -0.644944 -0.030002 0.651402 -0.965974 0.706391 -0.400925 0.687328 0.268458 0.416039 -0.797318 -0.917103 0.492810 -0.255388 0.957695 0.855348 -0.555594 -0.303709 -0.702066 -0.381187 0.670989 -0.794152 0.481971 -0.544741 0.701161 0.620009 -0.566380 0.989498 0.502895 0.937373 0.796552 0.787566 -0.923902 0.428429 -0.937867 0.712733 -0.366071 0.970160 0.909803 -0.732270 -0.346986 0.302559 0.959383 -0.050671 0.583521 -0.360498 0.195892 -0.213544 -0.487107 -0.449619 0.599534 0.878917 -0.253579 0.670113 0.978491 0.436826 -0.788922 -0.670978 0.705078 -0.166067 0.571091 0.972237 0.201130 -0.886307 ]
step 12/128
Layer output: [ -0.886181 0.092883 -0.493424 0.304909 -0.206422 0.486677 -0.953462 -0.509684 -0.508150 -0.463128 0.415386 0.213625 0.808662 0.976430 -0.053409 -0.421410 0.985418 0.306840 -0.322527 0.705491 0.563310 0.958239 -0.411955 0.969258 0.886815 0.232241 0.944793 -0.244140 0.888216 -0.786391 0.513491 -0.827235 -0.351082 -0.398563 -0.393116 -0.946893 0.887858 -0.476156 -0.429227 -0.420689 0.584405 0.112993 0.173493 0.771959 0.229117 0.139180 0.555863 -0.627765 -0.101885 -0.058995 -0.469567 0.909016 -0.792262 0.163261 -0.666217 -0.184299 -0.692898 0.094929 0.277299 0.377108 0.427985 0.053754 0.238653 0.925468 0.634120 -0.445197 0.431596 0.748696 -0.841115 0.627757 -0.610071 0.178693 0.470592 0.718785 -0.907679 -0.721529 0.552699 -0.812990 0.870926 0.957041 -0.173388 -0.503516 -0.562665 -0.718581 0.742534 -0.347989 0.723438 0.439242 0.548893 0.618783 -0.709325 0.978871 0.353810 0.973236 0.514915 0.820183 -0.933915 0.014155 -0.824636 0.750590 -0.270530 0.974473 0.935691 -0.739464 -0.569186 0.403626 0.858274 -0.488712 0.622079 -0.535809 0.768722 0.428213 -0.493465 0.280583 0.490806 0.897267 -0.858948 0.418170 0.989863 0.174820 -0.829010 -0.759160 0.726626 -0.410953 0.477887 0.971034 -0.423169 -0.764726 ]
step 13/128
Layer output: [ -0.781004 -0.371139 -0.275018 -0.445685 -0.365200 0.598617 -0.972319 -0.470732 0.122751 -0.678330 0.878101 0.092002 0.847268 0.945690 -0.528365 -0.243162 0.988897 0.297541 -0.050522 0.865475 0.222432 0.967035 -0.561295 0.929769 0.927117 0.167001 0.786095 -0.475189 0.560186 -0.613246 0.239017 -0.864655 -0.720283 -0.186865 -0.882914 -0.873048 0.798352 -0.081293 -0.593754 0.127209 -0.257148 -0.478594 -0.164568 0.540933 0.198974 0.569865 0.435378 -0.582954 0.495148 0.699964 -0.226790 0.981277 -0.884430 -0.363396 -0.661798 -0.176922 -0.598826 0.002468 0.342075 -0.173554 0.376600 0.016715 0.133447 0.903870 0.825296 -0.517958 0.843054 0.639975 -0.978928 0.284934 -0.307840 0.206065 0.631584 0.537575 -0.904777 -0.856224 0.513253 -0.497215 0.838193 0.755569 0.072576 -0.746947 -0.701572 -0.733068 0.569111 -0.753901 -0.031259 -0.258127 0.473934 0.807328 -0.891032 0.964906 0.828491 0.902132 0.776150 0.874568 -0.826171 0.497683 -0.841047 0.688764 -0.291884 0.968973 0.984495 -0.690284 -0.561730 0.438510 0.882055 -0.632481 0.625400 -0.008107 -0.101002 -0.024754 -0.654018 0.286179 0.477077 0.896601 -0.449609 0.642284 0.967432 0.416429 -0.755915 -0.850669 0.353625 -0.530884 0.113514 0.972462 0.071708 -0.940878 ]
step 14/128
Layer output: [ -0.895526 -0.563397 -0.076023 0.288991 -0.634468 0.784016 -0.961643 -0.245706 -0.491403 -0.742899 0.477447 0.654305 0.813738 0.958468 0.084209 -0.130946 0.970525 -0.492442 -0.039086 0.727942 0.553037 0.946477 -0.418988 0.908831 0.852566 -0.060605 0.874974 0.046230 0.836784 -0.738280 0.321366 -0.932902 -0.879692 0.570204 -0.701398 -0.932726 0.653015 0.014133 -0.362510 0.352331 -0.342870 -0.751625 0.197235 0.772430 0.499115 0.171524 0.071913 -0.436762 0.150424 0.322048 -0.673402 0.950464 -0.719078 0.042238 -0.321827 -0.321479 -0.456372 -0.112737 0.113003 -0.472161 -0.152833 -0.048820 -0.013482 0.610749 0.457993 -0.552876 0.418458 0.307946 -0.947252 0.137927 -0.435091 0.666446 0.810057 0.687890 -0.857866 -0.862220 0.375098 -0.314569 0.977551 0.859484 0.136987 -0.699977 -0.717867 -0.697540 0.685926 -0.757607 -0.124860 -0.180334 0.789589 0.594770 -0.736572 0.977661 0.889856 0.892785 0.880661 0.916317 -0.977563 0.586089 -0.772491 0.780354 -0.265302 0.901497 0.988032 -0.949454 -0.652312 0.763337 0.888594 -0.637267 0.677503 0.180246 0.340419 -0.462676 -0.395137 0.112838 0.574691 0.929809 -0.545324 0.221332 0.968300 0.377054 -0.769343 -0.670526 0.391436 -0.540979 0.485766 0.987112 0.643405 -0.829589 ]
step 15/128
Layer output: [ -0.765628 -0.438222 0.012614 0.022824 -0.256005 0.835872 -0.978387 0.073392 -0.588624 -0.712432 0.511028 0.188382 0.894208 0.963717 0.389828 -0.245050 0.989455 0.273555 -0.332306 0.883468 0.883490 0.935907 -0.243180 0.945527 0.563013 0.144259 0.913119 0.039591 0.688922 -0.611713 0.051708 -0.900377 -0.433322 0.086655 -0.837267 -0.896138 0.733110 -0.354724 -0.070600 0.365085 0.115757 -0.660211 0.000300 0.668454 0.243237 0.257219 0.199781 -0.542592 -0.005986 0.307878 -0.418990 0.948846 -0.927861 -0.294111 -0.425634 -0.123466 -0.661216 -0.138527 -0.006551 -0.157189 0.522469 0.001091 0.392060 0.571872 0.263331 -0.416451 0.611750 0.764617 -0.891983 0.676739 -0.537527 0.464445 0.457810 0.857918 -0.935224 -0.757822 -0.183336 -0.780971 0.924665 0.885372 0.014570 -0.363717 -0.624028 -0.799615 0.436690 -0.713190 0.340061 0.299018 0.695353 0.262619 -0.356795 0.968274 0.299639 0.922779 0.802622 0.832252 -0.931705 0.673904 -0.555758 0.802251 -0.525049 0.969880 0.981152 -0.758484 -0.650008 0.424891 0.805072 -0.809327 0.601276 -0.167478 0.079054 0.312915 -0.547358 -0.242752 0.815253 0.836064 -0.431096 0.231550 0.987749 -0.028279 -0.768143 -0.698443 0.847458 0.098626 0.473930 0.975084 -0.440044 -0.946376 ]
step 16/128
Layer output: [ -0.763648 0.378213 -0.188500 0.502096 0.296610 0.631884 -0.908362 -0.001210 -0.265214 -0.658075 0.316357 0.345294 0.894341 0.954010 0.254545 -0.355145 0.991135 -0.413533 -0.024217 0.874659 0.314563 0.870547 -0.641555 0.970902 0.821182 0.443073 0.875831 0.011028 0.624241 -0.744281 0.156592 -0.881407 -0.700529 -0.291892 -0.662773 -0.865176 0.912887 -0.308644 -0.464643 0.356273 0.497061 -0.695768 0.083089 0.725889 0.002061 0.259829 -0.158375 -0.348799 0.490461 -0.202113 -0.107933 0.981944 -0.915852 -0.027496 -0.766432 -0.456017 -0.632055 0.025165 -0.231244 -0.074672 0.227834 0.467405 -0.102752 0.744371 0.738618 -0.689275 0.581606 0.841086 -0.939836 0.398659 -0.470168 0.174373 -0.109992 0.298571 -0.886698 -0.664285 0.171443 -0.611608 0.879788 0.679601 0.181612 -0.447154 -0.457469 -0.290235 0.337436 -0.620004 -0.083339 0.161496 0.338242 0.130005 -0.692467 0.938095 0.446699 0.873346 0.716149 0.891850 -0.895061 0.784448 -0.847446 0.788475 -0.851295 0.975425 0.971704 -0.169712 -0.801407 0.006468 0.942140 -0.693815 0.326053 -0.309718 0.048175 -0.162534 -0.732201 -0.054766 0.554446 0.913110 -0.430858 0.466331 0.969562 0.405420 -0.675602 -0.849970 0.778496 -0.549889 0.312744 0.966597 -0.331850 -0.901040 ]
step 17/128
Layer output: [ -0.925573 0.094468 -0.264993 0.212235 -0.361899 0.823303 -0.892248 -0.435082 -0.371448 -0.672281 0.646101 0.422817 0.765776 0.969668 -0.106120 -0.099022 0.992115 -0.030319 -0.526521 0.654109 0.378510 0.911099 -0.500918 0.852780 0.773800 -0.215850 0.890313 -0.210664 0.827414 -0.754341 0.172717 -0.899004 -0.691680 0.031406 -0.799001 -0.784390 0.866957 -0.514362 -0.499691 -0.031246 0.227842 -0.480398 0.628008 0.663586 0.136969 0.438550 0.541045 -0.142818 -0.151718 0.136884 -0.432229 0.950770 -0.904585 -0.181586 -0.524790 0.133770 -0.636570 0.363958 -0.001543 -0.080972 0.408405 0.304713 0.604508 0.899786 0.678675 -0.416129 0.257298 0.705068 -0.933546 0.771336 -0.654164 -0.048595 0.348628 0.681166 -0.953206 -0.752600 0.565565 -0.745969 0.911153 0.916656 -0.314695 -0.550548 -0.414449 -0.625491 0.645219 -0.782550 0.327595 0.081362 0.544428 0.151051 -0.508146 0.964787 0.435891 0.932649 0.821583 0.723935 -0.916489 0.454510 -0.865855 0.684139 -0.456297 0.986284 0.954543 -0.788762 -0.402368 0.155034 0.882886 -0.584358 0.561375 -0.626848 0.146759 0.311918 -0.519807 0.209781 0.260250 0.819887 -0.544565 0.267019 0.983250 0.264655 -0.776964 -0.874683 0.787803 -0.085781 0.567731 0.986703 -0.169679 -0.943108 ]
step 18/128
Layer output: [ -0.901881 0.067038 -0.336997 -0.136589 0.245946 0.693764 -0.955273 -0.441767 -0.634210 -0.345917 0.825608 0.185360 0.774336 0.931543 -0.459180 -0.591354 0.987908 0.343715 -0.331254 0.772909 0.591266 0.968263 -0.769485 0.940900 0.899939 0.267773 0.793881 -0.282019 0.676068 -0.724427 0.448269 -0.880210 -0.446393 -0.196354 -0.841411 -0.793949 0.782054 -0.277087 0.132337 0.546751 0.121315 -0.321766 0.059491 0.750156 -0.122792 -0.222944 0.405258 -0.407804 0.486103 0.215146 0.230126 0.941180 -0.860143 -0.049997 -0.488787 -0.034546 -0.628439 0.442539 -0.401258 -0.352775 0.194059 0.171609 0.406135 0.889156 0.704124 -0.766455 0.863936 0.920316 -0.972346 0.753035 -0.686736 0.614018 0.373182 0.557808 -0.869423 -0.807433 -0.045149 -0.618948 0.870695 0.894719 0.216111 -0.586137 -0.487482 -0.592984 0.591113 -0.680684 0.380480 0.233525 0.004997 0.452480 -0.534142 0.990732 0.693080 0.977107 0.674742 0.602416 -0.917805 0.360924 -0.795744 0.827758 -0.632175 0.984471 0.980810 -0.701954 -0.547617 0.005794 0.943772 -0.662490 0.805752 -0.161921 0.107681 -0.001656 -0.670341 0.204855 0.779504 0.679565 -0.729241 0.652240 0.938470 0.497236 -0.801041 -0.794631 0.762866 -0.294322 -0.117398 0.992682 0.090360 -0.934662 ]
step 19/128
Layer output: [ -0.737053 0.198650 -0.675746 -0.009199 -0.080963 0.810401 -0.944985 -0.411857 -0.416330 -0.849121 0.529521 0.073379 0.941594 0.985580 0.235834 -0.275382 0.988681 -0.403195 -0.321661 0.621104 0.311130 0.934586 -0.470545 0.936181 0.903067 0.139393 0.870096 -0.028722 0.821298 -0.632269 0.481886 -0.921783 -0.490280 -0.005371 -0.637069 -0.890792 0.818870 -0.048916 -0.312197 -0.001420 -0.160343 -0.393297 0.037203 0.856406 0.622889 -0.154098 0.235093 -0.355419 0.135868 0.291299 -0.210875 0.970316 -0.877619 0.126422 -0.443027 -0.006835 -0.751672 0.137391 -0.406238 -0.425141 0.363309 0.455323 0.418553 0.799711 0.778855 -0.689476 0.532852 0.844918 -0.951768 0.458668 -0.485634 0.497154 0.518753 0.261950 -0.744549 -0.818051 0.376489 -0.469976 0.932949 0.850848 0.123843 -0.314431 -0.377056 -0.657863 0.249894 -0.781115 0.183817 0.167898 0.454512 0.593023 -0.706394 0.959951 0.619391 0.965640 0.869005 0.661879 -0.938394 0.132335 -0.920768 0.829470 -0.683720 0.925011 0.977769 -0.192473 -0.529441 0.250124 0.796652 -0.209938 0.247064 0.066328 0.564162 0.211861 -0.523743 -0.031200 0.762580 0.802827 -0.183621 0.518459 0.953097 0.387177 -0.839692 -0.669235 0.232874 -0.553567 0.173199 0.987743 -0.132630 -0.933599 ]
step 20/128
Layer output: [ -0.861449 -0.454935 -0.139710 0.010060 -0.266002 0.807559 -0.971104 -0.525755 -0.210251 -0.505158 0.637928 -0.430567 0.876996 0.960649 0.357671 -0.518463 0.978849 0.511957 0.049022 0.889672 0.587057 0.879102 -0.344569 0.939630 0.878878 0.497640 0.861811 0.296810 0.758098 -0.675731 0.628199 -0.902943 -0.454679 0.082992 -0.639646 -0.908960 0.796287 -0.401620 -0.037485 0.187671 0.192661 -0.033300 -0.067764 0.708455 -0.014201 0.314883 0.247790 -0.179769 -0.144312 0.259239 -0.011329 0.925030 -0.905582 -0.336872 -0.652954 -0.254260 -0.693854 -0.220779 0.474123 -0.186027 0.472765 -0.309765 -0.164676 0.915399 0.495714 -0.686245 0.623327 0.814222 -0.914863 0.243141 -0.430981 0.361143 0.024091 0.740179 -0.942660 -0.627792 -0.005595 -0.902393 0.884962 0.864404 -0.294907 -0.573900 -0.586662 -0.749682 0.544011 -0.419635 0.717529 -0.143608 0.188010 0.454045 -0.787188 0.973567 -0.065776 0.921788 0.765828 0.888668 -0.931944 0.342285 -0.704782 0.756665 -0.562917 0.978214 0.976430 -0.540298 -0.872111 0.497421 0.889131 -0.848289 0.707029 -0.039663 0.011098 0.245092 -0.254554 0.187871 0.857066 0.926415 -0.595244 0.742997 0.963938 -0.011122 -0.837298 -0.457600 0.794973 0.341671 0.292904 0.976764 -0.148438 -0.925222 ]
step 21/128
Layer output: [ -0.721963 0.052043 0.494353 0.455375 -0.313936 0.808427 -0.965615 -0.472258 -0.070772 -0.731819 0.631365 -0.022285 0.955102 0.953607 0.338205 -0.381840 0.983059 0.342704 -0.248890 0.719987 0.432921 0.950970 -0.639505 0.983835 0.831404 0.535030 0.857524 -0.159335 0.759813 -0.739329 -0.213526 -0.925535 -0.612967 0.217022 -0.828822 -0.893865 0.903237 -0.206629 -0.420728 0.454104 -0.142793 0.155180 0.618917 0.350532 -0.291481 0.340898 0.206424 -0.705054 -0.209313 0.074567 -0.436268 0.987262 -0.764605 -0.352054 -0.617040 -0.109304 -0.854885 0.632600 -0.089409 -0.214911 0.448534 0.439498 0.282978 0.854814 0.784945 -0.653299 0.730333 0.863732 -0.975970 0.723004 -0.549203 -0.128625 0.309366 0.471923 -0.874928 -0.834023 -0.145455 -0.499524 0.905684 0.395965 0.337670 -0.699870 -0.268534 -0.320956 0.328587 -0.300485 0.122190 0.208029 0.438257 0.329539 -0.847519 0.970262 0.648826 0.876777 0.642466 0.597014 -0.973531 0.395948 -0.728285 0.791809 -0.589915 0.929461 0.947424 -0.610921 -0.580596 -0.201208 0.937745 -0.703746 0.792949 -0.355741 -0.103607 0.106242 -0.905555 -0.162487 0.606100 0.835524 -0.533680 0.333472 0.984447 0.688009 -0.919462 -0.779589 0.881934 -0.322519 0.586147 0.973011 -0.368219 -0.904673 ]
step 22/128
Layer output: [ -0.850336 -0.199458 -0.441824 -0.072539 -0.067196 0.714144 -0.974602 -0.445919 -0.063941 -0.695243 0.606035 0.000772 0.948061 0.960064 -0.033866 -0.515508 0.971557 0.356882 -0.425421 0.817742 0.104424 0.919309 -0.569774 0.908984 0.902281 0.699556 0.866397 -0.120735 0.753186 -0.810780 -0.075237 -0.805343 -0.074647 0.329759 -0.629906 -0.866220 0.831998 -0.491844 -0.331302 0.139406 0.083925 -0.505852 0.585387 0.809849 0.125645 0.391028 0.304831 -0.650273 0.444703 -0.016800 0.168595 0.955396 -0.872111 -0.460642 -0.833249 -0.249947 -0.775701 -0.024137 -0.387670 -0.240983 0.450824 0.286027 -0.032775 0.873322 0.789653 -0.373308 0.795696 0.908828 -0.951037 0.675849 -0.350950 0.408025 0.015979 0.806705 -0.803083 -0.802528 0.255123 -0.686075 0.750267 0.740696 0.254724 -0.797188 -0.509620 -0.689913 0.443478 -0.320740 0.141644 0.090018 0.640240 0.631695 -0.718723 0.964353 0.702567 0.925898 0.537872 0.792520 -0.963537 0.112698 -0.767931 0.828330 -0.319201 0.968297 0.982095 -0.704838 -0.855108 0.522163 0.953477 -0.673530 0.676438 0.260325 0.287588 -0.029681 -0.776258 0.194191 0.553004 0.917484 -0.837991 0.702301 0.986545 0.201966 -0.912224 -0.691720 0.833119 -0.289730 0.082740 0.981355 -0.396768 -0.952996 ]
step 23/128
Layer output: [ -0.819841 0.308232 -0.121972 0.076196 -0.112848 0.747898 -0.906617 -0.372035 -0.330995 -0.739702 0.145036 0.358098 0.784689 0.972405 0.003850 -0.588068 0.988242 0.418034 -0.221732 0.852471 0.249555 0.938073 -0.084845 0.845136 0.838492 0.072586 0.949421 0.303638 0.892730 -0.828498 0.564602 -0.846521 -0.459000 0.385404 -0.816841 -0.819927 0.774868 -0.233311 0.004218 -0.063233 0.454241 -0.156059 0.346331 0.662615 0.196719 0.391740 0.769984 -0.595936 -0.249861 0.284477 -0.493414 0.958393 -0.839024 -0.080271 -0.709998 -0.224170 -0.570832 -0.173649 0.400962 -0.226504 0.569979 -0.094457 0.545002 0.875590 0.767465 -0.117702 0.410090 0.788453 -0.949305 0.548538 -0.524598 0.271308 0.381109 0.778156 -0.833934 -0.641042 0.484014 -0.757037 0.949447 0.767235 -0.093113 -0.775117 -0.647317 -0.769308 0.434882 -0.659710 0.105567 0.268389 0.774884 0.510160 -0.624940 0.975122 0.595814 0.900426 0.748204 0.861517 -0.932469 -0.059962 -0.894226 0.685242 -0.563246 0.976681 0.961352 -0.804521 -0.342980 0.143188 0.912547 -0.732978 0.760810 -0.018929 0.393204 -0.029301 -0.471807 0.402513 0.323412 0.905120 -0.652101 0.763041 0.972025 0.385617 -0.872371 -0.658541 0.694875 0.007746 0.171155 0.984330 0.069665 -0.957115 ]
step 24/128
